  n v                   Fn         time
--- - -------------------- ------------
  0  1                    0  0.000000000
  0  2                    0  0.000000000
  0  3                    0  0.000000000
  0  4                    0  0.000000000
--- -- -------------------- ------------
  1  1                    1  0.000000000
  1  2                    1  0.000000000
  1  3                    1  0.000000000
  1  4                    1  0.000000000
--- -- -------------------- ------------
  2  1                    1  0.000000000
  2  2                    1  0.000000000
  2  3                    1  0.000000000
  2  4                    1  0.000000000
--- -- -------------------- ------------
  3  1                    2  0.000000000
  3  2                    2  0.000000000
  3  3                    2  0.000000000
  3  4                    2  0.000000000
--- -- -------------------- ------------
  4  1                    3  0.000000000
  4  2                    3  0.000000000
  4  3                    3  0.000000000
  4  4                    3  0.000000000
--- -- -------------------- ------------
  5  1                    5  0.000000000
  5  2                    5  0.000000000
  5  3                    5  0.000000000
  5  4                    5  0.000000000
--- -- -------------------- ------------
  6  1                    8  0.000000000
  6  2                    8  0.000000000
  6  3                    8  0.000000000
  6  4                    8  0.000000000
--- -- -------------------- ------------
  7  1                   13  0.000000000
  7  2                   13  0.000000000
  7  3                   13  0.000000000
  7  4                   13  0.000000000
--- -- -------------------- ------------
  8  1                   21  0.000000000
  8  2                   21  0.000000000
  8  3                   21  0.000000000
  8  4                   21  0.000000000
--- -- -------------------- ------------
  9  1                   34  0.000000000
  9  2                   34  0.000000000
  9  3                   34  0.000000000
  9  4                   34  0.000000000
--- -- -------------------- ------------
 10  1                   55  0.000000000
 10  2                   55  0.000000000
 10  3                   55  0.000000000
 10  4                   55  0.000000000
--- -- -------------------- ------------
 11  1                   89  0.000000000
 11  2                   89  0.000000000
 11  3                   89  0.000000000
 11  4                   89  0.000000000
--- -- -------------------- ------------
 12  1                  144  0.000000000
 12  2                  144  0.000000000
 12  3                  144  0.000000000
 12  4                  144  0.000000000
--- -- -------------------- ------------
 13  1                  233  0.000000000
 13  2                  233  0.000000000
 13  3                  233  0.000000000
 13  4                  233  0.000000000
--- -- -------------------- ------------
 14  1                  377  0.000000000
 14  2                  377  0.000000000
 14  3                  377  0.000000000
 14  4                  377  0.000000000
--- -- -------------------- ------------
 15  1                  610  0.000000000
 15  2                  610  0.000000000
 15  3                  610  0.000000000
 15  4                  610  0.000000000
--- -- -------------------- ------------
 16  1                  987  0.000000000
 16  2                  987  0.000000000
 16  3                  987  0.000000000
 16  4                  987  0.000000000
--- -- -------------------- ------------
 17  1                 1597  0.000000000
 17  2                 1597  0.000000000
 17  3                 1597  0.000000000
 17  4                 1597  0.000000000
--- -- -------------------- ------------
 18  1                 2584  0.000000000
 18  2                 2584  0.000000000
 18  3                 2584  0.000000000
 18  4                 2584  0.000000000
--- -- -------------------- ------------
 19  1                 4181  0.000000000
 19  2                 4181  0.000000000
 19  3                 4181  0.000000000
 19  4                 4181  0.000000000
--- -- -------------------- ------------
 20  1                 6765  0.000000000
 20  2                 6765  0.000000000
 20  3                 6765  0.000000000
 20  4                 6765  0.000000000
--- -- -------------------- ------------
 21  1                10946  0.000000000
 21  2                10946  0.000000000
 21  3                10946  0.000000000
 21  4                10946  0.000000000
--- -- -------------------- ------------
 22  1                17711  0.000000000
 22  2                17711  0.000000000
 22  3                17711  0.000000000
 22  4                17711  0.000000000
--- -- -------------------- ------------
 23  1                28657  0.000000000
 23  2                28657  0.000000000
 23  3                28657  0.000000000
 23  4                28657  0.000000000
--- -- -------------------- ------------
 24  1                46368  0.000000000
 24  2                46368  0.000000000
 24  3                46368  0.000000000
 24  4                46368  0.000000000
--- -- -------------------- ------------
 25  1                75025  0.000000000
 25  2                75025  0.000000000
 25  3                75025  0.000000000
 25  4                75025  0.000000000
--- -- -------------------- ------------
 26  1               121393  0.000000000
 26  2               121393  0.000000000
 26  3               121393  0.000000000
 26  4               121393  0.000000000
--- -- -------------------- ------------
 27  1               196418  0.000000000
 27  2               196418  0.000000000
 27  3               196418  0.000000000
 27  4               196418  0.000000000
--- -- -------------------- ------------
 28  1               317811  0.015625000
 28  2               317811  0.000000000
 28  3               317811  0.000000000
 28  4               317811  0.000000000
--- -- -------------------- ------------
 29  1               514229  0.000000000
 29  2               514229  0.000000000
 29  3               514229  0.000000000
 29  4               514229  0.000000000
--- -- -------------------- ------------
 30  1               832040  0.000000000
 30  2               832040  0.000000000
 30  3               832040  0.000000000
 30  4               832040  0.000000000
--- -- -------------------- ------------
 31  1              1346269  0.015625000
 31  2              1346269  0.000000000
 31  3              1346269  0.000000000
 31  4              1346269  0.000000000
--- -- -------------------- ------------
 32  1              2178309  0.000000000
 32  2              2178309  0.000000000
 32  3              2178309  0.000000000
 32  4              2178309  0.000000000
--- -- -------------------- ------------
 33  1              3524578  0.031250000
 33  2              3524578  0.000000000
 33  3              3524578  0.000000000
 33  4              3524578  0.000000000
--- -- -------------------- ------------
 34  1              5702887  0.015625000
 34  2              5702887  0.000000000
 34  3              5702887  0.000000000
 34  4              5702887  0.000000000
--- -- -------------------- ------------
 35  1              9227465  0.046875000
 35  2              9227465  0.000000000
 35  3              9227465  0.000000000
 35  4              9227465  0.000000000
--- -- -------------------- ------------
 36  1             14930352  0.062500000
 36  2             14930352  0.000000000
 36  3             14930352  0.000000000
 36  4             14930352  0.000000000
--- -- -------------------- ------------
 37  1             24157817  0.093750000
 37  2             24157817  0.000000000
 37  3             24157817  0.000000000
 37  4             24157817  0.000000000
--- -- -------------------- ------------
 38  1             39088169  0.187500000
 38  2             39088169  0.000000000
 38  3             39088169  0.000000000
 38  4             39088169  0.000000000
--- -- -------------------- ------------
 39  1             63245986  0.281250000
 39  2             63245986  0.000000000
 39  3             63245986  0.000000000
 39  4             63245986  0.000000000
--- -- -------------------- ------------
 40  1            102334155  0.453125000
 40  2            102334155  0.000000000
 40  3            102334155  0.000000000
 40  4            102334155  0.000000000
--- -- -------------------- ------------
 41  1            165580141  0.671875000
 41  2            165580141  0.000000000
 41  3            165580141  0.000000000
 41  4            165580141  0.000000000
--- -- -------------------- ------------
 42  1            267914296  1.062500000
 42  2            267914296  0.000000000
 42  3            267914296  0.000000000
 42  4            267914296  0.000000000
--- -- -------------------- ------------
 43  1            433494437  1.718750000
 43  2            433494437  0.000000000
 43  3            433494437  0.000000000
 43  4            433494437  0.000000000
--- -- -------------------- ------------
 44  1            701408733  2.718750000
 44  2            701408733  0.000000000
 44  3            701408733  0.000000000
 44  4            701408733  0.000000000
--- -- -------------------- ------------
 45  1           1134903170  4.468750000
 45  2           1134903170  0.000000000
 45  3           1134903170  0.000000000
 45  4           1134903170  0.000000000
--- -- -------------------- ------------
 46  1           1836311903  7.234375000
 46  2           1836311903  0.000000000
 46  3           1836311903  0.000000000
 46  4           1836311903  0.000000000
--- -- -------------------- ------------
 47  1           2971215073 11.906250000
 47  2           2971215073  0.000000000
 47  3           2971215073  0.000000000
 47  4           2971215073  0.000000000
--- -- -------------------- ------------
 48  2           4807526976  0.000000000
 48  3           4807526976  0.000000000
 48  4           4807526976  0.000000000
--- -- -------------------- ------------
 49  2           7778742049  0.000000000
 49  3           7778742049  0.000000000
 49  4           7778742049  0.000000000
--- -- -------------------- ------------
 50  2          12586269025  0.000000000
 50  3          12586269025  0.000000000
 50  4          12586269025  0.000000000
--- -- -------------------- ------------
 51  2          20365011074  0.000000000
 51  3          20365011074  0.000000000
 51  4          20365011074  0.000000000
--- -- -------------------- ------------
 52  2          32951280099  0.000000000
 52  3          32951280099  0.000000000
 52  4          32951280099  0.000000000
--- -- -------------------- ------------
 53  2          53316291173  0.000000000
 53  3          53316291173  0.000000000
 53  4          53316291173  0.000000000
--- -- -------------------- ------------
 54  2          86267571272  0.000000000
 54  3          86267571272  0.000000000
 54  4          86267571272  0.000000000
--- -- -------------------- ------------
 55  2         139583862445  0.000000000
 55  3         139583862445  0.000000000
 55  4         139583862445  0.000000000
--- -- -------------------- ------------
 56  2         225851433717  0.000000000
 56  3         225851433717  0.000000000
 56  4         225851433717  0.000000000
--- -- -------------------- ------------
 57  2         365435296162  0.000000000
 57  3         365435296162  0.000000000
 57  4         365435296162  0.000000000
--- -- -------------------- ------------
 58  2         591286729879  0.000000000
 58  3         591286729879  0.000000000
 58  4         591286729879  0.000000000
--- -- -------------------- ------------
 59  2         956722026041  0.000000000
 59  3         956722026041  0.000000000
 59  4         956722026041  0.000000000
--- -- -------------------- ------------
 60  2        1548008755920  0.000000000
 60  3        1548008755920  0.000000000
 60  4        1548008755920  0.000000000
--- -- -------------------- ------------
 61  2        2504730781961  0.000000000
 61  3        2504730781961  0.000000000
 61  4        2504730781961  0.000000000
--- -- -------------------- ------------
 62  2        4052739537881  0.000000000
 62  3        4052739537881  0.000000000
 62  4        4052739537881  0.000000000
--- -- -------------------- ------------
 63  2        6557470319842  0.000000000
 63  3        6557470319842  0.000000000
 63  4        6557470319842  0.000000000
--- -- -------------------- ------------
 64  2       10610209857723  0.000000000
 64  3       10610209857723  0.000000000
 64  4       10610209857723  0.000000000
--- -- -------------------- ------------
 65  2       17167680177565  0.000000000
 65  3       17167680177565  0.000000000
 65  4       17167680177565  0.000000000
--- -- -------------------- ------------
 66  2       27777890035288  0.000000000
 66  3       27777890035288  0.000000000
 66  4       27777890035288  0.000000000
--- -- -------------------- ------------
 67  2       44945570212853  0.000000000
 67  3       44945570212853  0.000000000
 67  4       44945570212853  0.000000000
--- -- -------------------- ------------
 68  2       72723460248141  0.000000000
 68  3       72723460248141  0.000000000
 68  4       72723460248141  0.000000000
--- -- -------------------- ------------
 69  2      117669030460994  0.000000000
 69  3      117669030460994  0.000000000
 69  4      117669030460994  0.000000000
--- -- -------------------- ------------
 70  2      190392490709135  0.000000000
 70  3      190392490709135  0.000000000
 70  4      190392490709135  0.000000000
--- -- -------------------- ------------
 71  2      308061521170129  0.000000000
 71  3      308061521170129  0.000000000
 71  4      308061521170131  0.000000000
--- -- -------------------- ------------
 72  2      498454011879264  0.000000000
 72  3      498454011879264  0.000000000
 72  4      498454011879266  0.000000000
--- -- -------------------- ------------
 73  2      806515533049393  0.000000000
 73  3      806515533049393  0.000000000
 73  4      806515533049396  0.000000000
--- -- -------------------- ------------
 74  2     1304969544928657  0.000000000
 74  3     1304969544928657  0.000000000
 74  4     1304969544928661  0.000000000
--- -- -------------------- ------------
 75  2     2111485077978050  0.000000000
 75  3     2111485077978050  0.000000000
 75  4     2111485077978056  0.000000000
--- -- -------------------- ------------
 76  2     3416454622906707  0.000000000
 76  3     3416454622906707  0.000000000
 76  4     3416454622906715  0.000000000
--- -- -------------------- ------------
 77  2     5527939700884757  0.000000000
 77  3     5527939700884757  0.000000000
 77  4     5527939700884766  0.000000000
--- -- -------------------- ------------
 78  2     8944394323791464  0.000000000
 78  3     8944394323791464  0.000000000
 78  4     8944394323791474  0.000000000
--- -- -------------------- ------------
 79  2    14472334024676221  0.000000000
 79  3    14472334024676221  0.000000000
 79  4    14472334024676230  0.000000000
--- -- -------------------- ------------
 80  2    23416728348467685  0.000000000
 80  3    23416728348467685  0.000000000
 80  4    23416728348467684  0.000000000
--- -- -------------------- ------------
 81  2    37889062373143906  0.000000000
 81  3    37889062373143906  0.000000000
 81  4    37889062373143888  0.000000000
--- -- -------------------- ------------
 82  2    61305790721611591  0.000000000
 82  3    61305790721611591  0.000000000
 82  4    61305790721611528  0.000000000
--- -- -------------------- ------------
 83  2    99194853094755497  0.000000000
 83  3    99194853094755497  0.000000000
 83  4    99194853094755344  0.000000000
--- -- -------------------- ------------
 84  2   160500643816367088  0.000000000
 84  3   160500643816367088  0.000000000
 84  4   160500643816367872  0.000000000
--- -- -------------------- ------------
 85  2   259695496911122585  0.000000000
 85  3   259695496911122585  0.000000000
 85  4   259695496911123712  0.000000000
--- -- -------------------- ------------
 86  2   420196140727489673  0.000000000
 86  3   420196140727489673  0.000000000
 86  4   420196140727491328  0.000000000
--- -- -------------------- ------------
 87  2   679891637638612258  0.000000000
 87  3   679891637638612258  0.000000000
 87  4   679891637638614656  0.000000000
--- -- -------------------- ------------
 88  2  1100087778366101931  0.000000000
 88  3  1100087778366101931  0.000000000
 88  4  1100087778366105088  0.000000000
--- -- -------------------- ------------
 89  2  1779979416004714189  0.000000000
 89  3  1779979416004714189  0.000000000
 89  4  1779979416004718592  0.000000000
--- -- -------------------- ------------
 90  2  2880067194370816120  0.000000000
 90  3  2880067194370816120  0.000000000
 90  4  2880067194370821120  0.000000000
--- -- -------------------- ------------
 91  2  4660046610375530309  0.000000000
 91  3  4660046610375530309  0.000000000
 91  4  4660046610375536640  0.000000000
--- -- -------------------- ------------
 92  2  7540113804746346429  0.000000000
 92  3  7540113804746346429  0.000000000
 92  4  7540113804746351616  0.000000000
--- -- -------------------- ------------
 93  2 -6246583658587674878  0.000000000
 93  3 -6246583658587674878  0.000000000
 93  4 -9223372036854775808  0.000000000
--- -- -------------------- ------------
 94  2  1293530146158671551  0.000000000
 94  3  1293530146158671551  0.000000000
 94  4 -9223372036854775808  0.000000000
--- -- -------------------- ------------
 95  2 -4953053512429003327  0.000000000
 95  3 -4953053512429003327  0.000000000
 95  4 -9223372036854775808  0.000000000
--- -- -------------------- ------------
 96  2 -3659523366270331776  0.000000000
 96  3 -3659523366270331776  0.000000000
 96  4 -9223372036854775808  0.000000000
--- -- -------------------- ------------
 97  2 -8612576878699335103  0.000000000
 97  3 -8612576878699335103  0.000000000
 97  4 -9223372036854775808  0.000000000
--- -- -------------------- ------------
 98  2  6174643828739884737  0.000000000
 98  3  6174643828739884737  0.000000000
 98  4 -9223372036854775808  0.000000000
--- -- -------------------- ------------
 99  2 -2437933049959450366  0.000000000
 99  3 -2437933049959450366  0.000000000
 99  4 -9223372036854775808  0.000000000
--- -- -------------------- ------------
100  2  3736710778780434371  0.000000000
100  3  3736710778780434371  0.000000000
100  4 -9223372036854775808  0.000000000
--- -- -------------------- ------------
