  0   0.000000000
  1   0.000000000
  2   0.000000000
  3   0.000000000
  4   0.000000000
  5   0.000000000
  6   0.000000000
  7   0.000000000
  8   0.000000000
  9   0.000000000
 10   0.000000000
 11   0.000000000
 12   0.000000000
 13   0.000000000
 14   0.000000000
 15   0.000000000
 16   0.000000000
 17   0.000000000
 18   0.000000000
 19   0.000000000
 20   0.000000000
 21   0.000000000
 22   0.000000000
 23   0.000000000
 24   0.000000000
 25   0.000000000
 26   0.000000000
 27   0.000000000
 28   0.015625000
 29   0.000000000
 30   0.000000000
 31   0.015625000
 32   0.000000000
 33   0.031250000
 34   0.015625000
 35   0.046875000
 36   0.062500000
 37   0.093750000
 38   0.187500000
 39   0.281250000
 40   0.453125000
 41   0.671875000
 42   1.062500000
 43   1.718750000
 44   2.718750000
 45   4.468750000
 46   7.234375000
 47  11.906250000
